Terminal log file
Date: 2018-11-13 - 22:20:57
-----------------------------------------------
  		                1  2  3  4  5  6  7  8  9 10 11 12 13 14 15 16 17 18 19 20 21 22 23 24 25 26 27 28 29 30 31 32 33 34 35 36 37 38 39 40 41 42 43 44 45 46 47 48 49 50 51 52 53

22:20:58.445, mode 2: F4 8B 01 00 00 00 00 00 00 00 00 00 00 00 00 00 00 00 80 20 00 00 04 00 00 00 00 FF 08 1E 2F 40 78 00 0D 00 1A 00 00 00 00 00 00 00 00 00 00 00 00 00 00 00 00 00 00 00 A9  o 
22:20:59.428, mode 2: F4 8B 01 00 00 00 00 00 00 00 00 00 00 00 00 00 00 00 80 20 00 00 04 00 00 00 00 FF 09 41 2F 40 70 00 0D 00 1A 00 00 00 00 00 00 00 00 00 00 00 00 00 00 00 00 00 00 00 8D  ok 
22:21:03.793, mode 2: F4 8B 01 00 00 00 00 00 00 00 00 00 00 00 00 00 00 00 80 20 00 00 04 00 00 00 00 FF 0B 62 2F 40 70 00 0D 00 1A 00 00 00 00 00 00 00 00 00 00 00 00 00 00 00 00 00 00 00 6A  ok 
22:21:08.162, mode 2: F4 8B 01 00 00 00 00 00 00 00 00 00 00 00 00 00 00 00 80 20 00 00 04 00 00 00 00 FF 0C 2C 2F 40 70 00 0D 00 1A 00 00 00 00 00 00 00 00 00 00 00 00 00 00 00 00 00 00 00 9F  ok 
22:21:12.534, mode 2: F4 8B 01 00 00 00 00 00 00 00 00 00 00 00 00 00 00 00 80 20 00 00 04 00 00 00 00 FF 0D 50 2F 40 70 00 0D 00 1A 00 00 00 00 00 00 00 00 00 00 00 00 00 00 00 00 00 00 00 7A  ok 
22:21:17.010, mode 2: F4 8B 01 00 00 00 00 00 00 00 00 00 00 00 00 00 00 00 80 20 00 00 04 00 00 00 00 FF 0E EC 27 20 70 00 0D 00 1A 00 00 00 00 00 00 00 00 00 00 00 00 00 00 00 00 00 00 00 05  ok 
22:21:21.379, mode 2: F4 8B 01 00 00 00 00 00 00 00 00 00 00 00 00 00 00 00 80 20 00 00 04 00 00 00 00 FF 0E DD 27 20 70 00 0D 00 1A 00 00 00 00 00 00 00 00 00 00 00 00 00 00 00 00 00 00 00 14  ok 
22:21:25.742, mode 2: F4 8B 01 00 00 00 00 00 00 00 00 00 00 00 00 00 00 00 80 20 00 00 04 00 00 00 00 FF 0D CF 27 20 70 00 0D 00 1A 00 00 00 00 00 00 00 00 00 00 00 00 00 00 00 00 00 00 00 23  ok 
22:21:30.220, mode 2: F4 8B 01 00 00 00 00 00 00 00 00 00 00 00 00 00 00 00 80 20 00 00 04 00 00 00 00 FF FF FF 80 88 70 00 7F 00 7A 00 00 00 00 00 00 00 00 00 00 00 00 00 00 00 00 00 00 00 6E  ok 

-----------------------------------------------
Date: 2018-11-13 - 22:21:30
End log file
