Terminal log file
Date: 2018-11-07 - 18:03:26
-----------------------------------------------
  		                1  2  3  4  5  6  7  8  9 10 11 12 13 14 15 16 17 18 19 20 21 22 23 24 25 26 27 28 29 30 31 32 33 34 35 36 37 38 39 40 41 42 43 44 45 46 
18:03:27.757, mode 1: F4 84 01 00 04 00 00 00 20 00 00 00 00 0A 00 00 00 40 78 02 00 00 00 00 00 00 00 00 46 1B 00 00 00 00 50 51 00 00 3C 2F 00 C0 40 02 10 01 02 60 00 BD  ok 
18:03:29.507, mode 1: F4 84 01 00 04 00 00 00 20 00 00 00 00 0A 00 00 00 40 78 02 00 00 00 00 00 00 00 00 46 1B 00 00 00 00 50 51 00 00 3C 2F 00 C0 40 02 10 01 02 60 00 BD  ok 
18:03:31.255, mode 1: F4 84 01 00 04 00 00 00 20 00 00 00 00 0A 00 00 00 40 78 02 00 00 00 00 00 00 00 00 46 1B 00 00 00 00 50 51 00 00 3C 2F 00 C0 40 02 10 01 02 60 00 BD  ok 
18:03:33.113, mode 1: F4 84 01 00 04 00 00 00 20 00 00 00 00 0A 00 00 00 40 78 02 00 00 00 00 00 00 00 00 46 1B 00 00 00 00 50 51 00 00 3C 2F 00 C0 40 02 10 01 02 60 00 BD  ok 
18:03:34.856, mode 1: F4 84 01 00 04 00 00 00 20 00 00 00 00 0A 00 00 00 40 76 02 00 00 00 00 00 00 00 00 46 1B 00 00 00 00 50 51 00 00 3C 2F 00 C0 40 02 10 01 02 60 00 BF  ok 
18:03:36.607, mode 1: F4 84 01 00 04 00 00 00 20 00 00 00 00 0A 00 00 00 40 75 02 00 00 00 00 00 00 00 00 46 1B 00 00 00 00 50 51 00 00 7C 2F 00 C0 40 02 10 01 02 60 00 80  ok 
18:03:38.461, mode 1: F4 84 01 00 04 00 00 00 20 00 00 00 00 0A 00 00 00 40 77 02 00 00 00 00 00 00 00 00 46 1B 00 00 00 00 50 51 00 00 3C 2F 00 C0 40 02 10 01 02 60 00 BE  ok 
18:03:40.210, mode 1: F4 84 01 00 04 00 00 00 20 00 00 00 00 0A 00 00 00 40 77 02 00 00 00 00 00 00 00 00 46 1B 00 00 00 00 50 51 00 00 7C 2F 00 C0 40 02 10 01 02 60 00 7E  ok 
18:03:42.064, mode 1: F4 84 01 00 04 00 00 00 20 00 00 00 00 0A 00 00 00 40 77 02 00 00 00 00 00 00 00 00 46 1B 00 00 00 00 50 51 00 00 7C 2F 00 C0 40 02 10 01 02 60 00 7E  ok 
18:03:43.812, mode 1: F4 84 01 00 04 00 00 00 20 00 00 00 00 0A 00 00 00 40 77 02 00 00 00 00 00 00 00 00 46 1B 00 00 00 00 50 51 00 00 7C 2F 00 C0 40 02 10 01 02 60 00 7E  ok 
18:03:45.560, mode 1: F4 84 01 00 04 00 00 00 20 00 00 00 00 0A 00 00 00 40 77 02 00 00 00 00 00 00 00 00 46 1B 00 00 00 00 50 51 00 00 7C 2F 00 C0 40 02 10 01 02 60 00 7E  ok 
18:03:47.414, mode 1: F4 84 01 00 04 00 00 00 20 00 00 00 00 0A 00 00 00 40 77 02 00 00 00 00 00 00 00 00 46 1B 00 00 00 00 50 51 00 00 7C 2F 00 C0 40 02 10 01 02 60 00 7E  ok 
18:03:49.163, mode 1: F4 84 01 00 04 00 00 00 20 00 00 00 00 0A 00 00 00 40 77 02 00 00 00 00 00 00 00 00 46 1B 00 00 00 00 50 51 00 00 7C 2F 00 C0 40 02 10 01 02 60 00 7E  ok 
18:03:50.913, mode 1: F4 84 01 00 04 00 00 00 20 00 00 00 00 0A 00 00 00 40 77 02 00 00 00 00 00 00 00 00 46 1B 00 00 00 00 50 51 00 00 7C 2F 00 C0 40 02 10 01 02 60 00 7E  ok 
18:03:52.766, mode 1: F4 84 01 00 04 00 00 00 20 00 00 00 00 0A 00 00 00 40 77 02 00 00 00 00 00 00 00 00 46 1B 00 00 00 00 50 51 00 00 3C 2F 00 C0 40 02 10 01 02 60 00 BE  ok 
18:03:54.517, mode 1: F4 84 01 00 04 00 00 00 20 00 00 00 00 0A 00 00 00 40 77 02 00 00 00 00 00 00 00 00 46 1B 00 00 00 00 50 51 00 00 3C 2F 00 C0 40 02 10 01 02 60 00 BE  ok 
18:03:56.260, mode 1: F4 84 01 00 04 00 00 00 20 00 00 00 00 0A 00 00 00 40 75 02 00 00 00 00 00 00 00 00 46 1B 00 00 00 00 50 51 00 00 7C 2F 00 C0 40 02 10 01 02 60 00 80  ok 
18:03:58.116, mode 1: F4 84 01 00 04 00 00 00 20 00 00 00 00 0A 00 00 00 40 75 02 00 00 00 00 00 00 00 00 46 1B 00 00 00 00 50 51 00 00 7C 2F 00 C0 40 02 10 01 02 60 00 80  ok 
18:03:59.862, mode 1: F4 84 01 00 04 00 00 00 20 00 00 00 00 0A 00 00 00 40 77 02 00 00 00 00 00 00 00 00 46 1B 00 00 00 00 50 51 00 00 3C 2F 00 C0 40 02 10 01 02 60 00 BE  ok 
18:04:01.615, mode 1: F4 84 01 00 04 00 00 00 20 00 00 00 00 0A 00 00 00 40 77 02 00 00 00 00 00 00 00 00 46 1B 00 00 00 00 50 51 00 00 7C 2F 00 C0 40 02 10 01 02 60 00 7E  ok 
18:04:03.466, mode 1: F4 84 01 00 04 00 00 00 20 00 00 00 00 0A 00 00 00 40 77 02 00 00 00 00 00 00 00 00 46 1B 00 00 00 00 50 51 00 00 7C 2F 00 C0 40 02 10 01 02 60 00 7E  ok 
18:04:05.214, mode 1: F4 84 01 00 04 00 00 00 20 00 00 00 00 0A 00 00 00 40 77 02 00 00 00 00 00 00 00 00 46 1B 00 00 00 00 50 51 00 00 7C 2F 00 C0 40 02 10 01 02 60 00 7E  ok 
18:04:06.962, mode 1: F4 84 01 00 04 00 00 00 20 00 00 00 00 0A 00 00 00 40 77 02 00 00 00 00 00 00 00 00 46 1B 00 00 00 00 50 51 00 00 7C 2F 00 C0 40 02 10 01 02 60 00 7E  ok 
18:04:08.820, mode 1: F4 84 01 00 04 00 00 00 20 00 00 00 00 0A 00 00 00 40 77 02 00 00 00 00 00 00 00 00 46 1B 00 00 00 00 50 51 00 00 7C 2F 00 C0 40 02 10 01 02 60 00 7E  ok 
18:04:10.564, mode 1: F4 84 01 00 04 00 00 00 20 00 00 00 00 0A 00 00 00 40 74 02 00 00 00 00 00 00 00 00 46 1B 00 00 00 00 50 51 00 00 7C 2F 00 C0 40 02 10 01 02 60 00 81  ok 
18:04:12.316, mode 1: F4 84 01 00 04 00 00 00 20 00 00 00 00 0A 00 00 00 40 77 02 00 00 00 00 00 00 00 00 46 1B 00 00 00 00 50 51 00 00 3C 2F 00 C0 40 02 10 01 02 60 00 BE  ok 

-----------------------------------------------
Date: 2018-11-07 - 18:04:12
End log file
